BraggNN Euclidean Distances: [6.210e+02 1.077e+03 8.620e+02 6.230e+02 4.410e+02 3.420e+02 2.670e+02
 1.750e+02 1.580e+02 1.560e+02 1.290e+02 9.100e+01 1.110e+02 8.800e+01
 9.100e+01 1.010e+02 6.800e+01 6.300e+01 7.600e+01 7.300e+01 8.000e+01
 6.900e+01 7.600e+01 7.700e+01 7.100e+01 7.800e+01 6.200e+01 6.900e+01
 6.800e+01 6.500e+01 4.000e+01 5.100e+01 3.500e+01 4.600e+01 3.100e+01
 3.500e+01 2.400e+01 3.000e+01 3.400e+01 2.200e+01 2.200e+01 1.400e+01
 2.000e+01 2.200e+01 1.400e+01 1.300e+01 1.200e+01 8.000e+00 7.000e+00
 8.000e+00 6.000e+00 4.000e+00 7.000e+00 2.000e+00 4.000e+00 5.000e+00
 3.000e+00 2.000e+00 4.000e+00 1.000e+00 3.000e+00 0.000e+00 2.000e+00
 0.000e+00 3.000e+00 0.000e+00 1.000e+00 1.000e+00 2.000e+00 0.000e+00
 0.000e+00 0.000e+00 0.000e+00 0.000e+00 1.000e+00 0.000e+00 0.000e+00
 0.000e+00 1.000e+00 0.000e+00 1.000e+00 0.000e+00 0.000e+00 0.000e+00
 3.000e+00 0.000e+00 0.000e+00 0.000e+00 0.000e+00 0.000e+00 0.000e+00
 1.000e+00 1.000e+00 0.000e+00 0.000e+00 0.000e+00 0.000e+00 1.000e+00
 0.000e+00 0.000e+00]
 
 NAC Euclidean Distances: [6.270e+02 1.078e+03 8.290e+02 6.640e+02 4.170e+02 3.250e+02 2.630e+02
 1.920e+02 1.430e+02 1.400e+02 1.270e+02 1.120e+02 1.200e+02 8.400e+01
 8.800e+01 8.700e+01 7.200e+01 8.700e+01 7.100e+01 9.100e+01 8.500e+01
 6.900e+01 6.800e+01 7.100e+01 7.400e+01 7.500e+01 6.700e+01 7.300e+01
 6.300e+01 6.300e+01 5.800e+01 4.400e+01 4.500e+01 4.700e+01 4.200e+01
 4.000e+01 2.800e+01 3.000e+01 2.300e+01 1.600e+01 3.100e+01 1.800e+01
 2.300e+01 1.500e+01 9.000e+00 6.000e+00 8.000e+00 1.300e+01 8.000e+00
 3.000e+00 2.000e+00 5.000e+00 7.000e+00 2.000e+00 3.000e+00 1.000e+00
 4.000e+00 2.000e+00 4.000e+00 1.000e+00 2.000e+00 0.000e+00 0.000e+00
 0.000e+00 0.000e+00 1.000e+00 0.000e+00 2.000e+00 0.000e+00 1.000e+00
 1.000e+00 1.000e+00 1.000e+00 1.000e+00 0.000e+00 1.000e+00 0.000e+00
 0.000e+00 0.000e+00 0.000e+00 0.000e+00 0.000e+00 0.000e+00 1.000e+00
 0.000e+00 0.000e+00 0.000e+00 0.000e+00 0.000e+00 0.000e+00 0.000e+00
 0.000e+00 0.000e+00 0.000e+00 0.000e+00 0.000e+00 0.000e+00 0.000e+00
 0.000e+00 0.000e+00]